0 1 0 0 1 1 0 1 1 0 1 0 1 0 15 0 0
0 1 1 0 1 1 1 0 1 0 1 0 1 0 10 0 1
1 0 0 0 1 1 1 0 1 0 1 0 0 1 10 0 0
0 1 0 0 1 0 1 0 1 0 0 0 0 1 15 0 0 
0 1 0 1 1 1 1 0 1 0 1 0 1 0 10 0 0
1 0 0 0 1 0 0 1 1 0 1 0 0 0 15 0 1
0 1 0 0 1 1 1 0 1 0 1 0 0 1 05 0 1
1 0 0 1 1 1 0 1 0 0 0 0 1 0 10 0 1
0 1 1 0 1 0 0 1 1 0 1 0 1 0 10 0 1
0 1 0 0 1 1 0 1 0 0 1 0 0 1 10 0 1
0 1 0 1 1 0 0 1 1 0 1 0 1 0 15 0 0
0 1 0 0 1 0 1 0 1 0 1 0 0 1 10 0 0
1 0 1 0 1 1 1 0 0 0 1 0 0 0 15 0 0
0 1 1 0 1 0 0 1 0 0 1 0 0 1 10 0 0
0 1 0 0 1 0 1 0 0 0 0 0 1 0 15 0 1
1 0 1 0 1 1 1 0 0 0 1 0 0 0 10 0 0
0 0 1 0 1 0 1 0 0 0 1 0 0 1 15 0 0
0 1 0 0 1 0 1 0 0 0 1 0 1 0 10 0 0
0 1 1 0 1 0 0 1 0 0 1 0 0 0 15 0 0
0 1 0 1 1 0 0 1 1 0 1 0 1 0 10 0 0
0 0 1 0 1 0 0 1 0 0 1 0 1 0 15 0 0
0 0 0 1 1 1 1 0 0 0 1 0 0 0 10 0 1
0 1 0 1 1 0 0 1 0 0 1 0 0 0 15 0 0
0 1 0 1 1 0 0 1 0 0 1 0 1 0 10 0 0
1 0 1 0 1 0 0 1 1 0 1 0 0 1 10 0 0
0 0 0 1 1 0 0 1 0 0 1 0 1 0 10 0 0
1 0 0 1 1 0 0 0 1 0 1 0 0 1 10 0 0
0 0 0 1 1 1 1 0 1 0 1 0 0 1 10 0 0
0 1 0 1 1 1 0 1 1 0 1 0 0 0 15 0 0
0 1 0 1 1 0 0 1 0 0 1 0 0 0 10 0 1
0 1 0 1 1 0 1 0 0 0 1 0 1 0 10 0 0
0 0 0 0 1 0 0 1 0 0 1 0 0 0 10 0 0
0 1 0 1 1 1 1 0 0 0 1 0 0 1 10 0 0
0 1 0 0 1 0 0 1 1 0 1 0 1 0 10 0 0
0 0 0 1 1 1 1 0 1 0 1 0 0 1 10 0 0
0 1 0 1 1 0 0 1 1 0 1 0 1 0 10 0 0
0 0 0 1 1 1 0 1 1 0 1 0 1 0 10 0 1
0 0 0 0 1 0 0 1 0 0 1 0 0 0 10 0 1
0 0 0 0 1 0 0 1 1 0 1 0 1 0 07 0 1
0 1 0 1 1 0 1 0 0 0 1 0 0 1 10 0 0
0 0 0 0 1 0 0 1 0 0 1 0 1 0 10 0 0
0 0 0 1 1 0 0 1 1 0 1 0 1 0 15 0 1
1 0 1 0 1 0 1 0 0 0 1 0 1 0 15 0 1
0 1 0 1 1 0 0 1 1 0 1 0 1 0 10 0 1
0 0 0 0 1 1 0 1 1 0 1 0 1 0 10 0 0
0 0 0 1 1 0 0 1 0 0 1 0 1 0 10 0 1
0 1 0 1 1 1 0 1 0 0 1 0 1 0 10 0 0
0 1 1 0 1 0 0 0 0 0 1 0 1 0 10 0 0
0 1 1 0 1 0 0 1 0 0 0 1 0 1 10 0 0
0 0 1 0 1 1 0 1 0 0 1 0 1 0 10 0 0
0 1 0 0 1 1 1 0 0 0 1 0 0 0 10 0 0
0 1 0 1 1 0 0 1 0 0 1 0 0 1 10 0 1
1 0 1 0 1 1 0 1 0 0 1 0 0 1 10 0 0
0 1 0 1 1 0 0 1 0 0 1 0 1 0 15 0 0
1 0 0 1 1 0 1 0 1 0 1 0 0 0 15 0 0
0 1 0 0 1 0 1 0 0 0 1 0 0 1 10 0 0
0 0 0 0 1 0 1 0 1 0 1 0 1 0 10 0 0
0 1 1 0 1 0 0 1 1 0 1 0 0 1 10 0 0
0 1 0 0 1 0 0 1 1 0 1 0 0 0 10 1 0
0 1 1 0 1 0 0 1 0 0 1 0 0 0 10 0 0
0 1 0 0 1 1 1 0 1 0 1 0 1 0 10 0 0
0 1 0 1 1 0 0 1 1 0 1 0 0 0 10 0 0
0 1 0 0 1 1 0 1 1 0 1 0 0 0 10 0 1
1 0 0 1 1 1 0 1 0 0 0 0 0 0 10 0 0
0 1 0 1 1 0 1 0 1 0 1 0 1 0 10 0 1
0 1 0 0 1 1 0 1 0 0 1 0 1 0 10 0 0
0 1 0 1 1 1 0 1 0 0 1 0 1 0 10 0 0
0 1 0 1 1 1 1 0 1 0 1 0 1 0 10 0 0
0 1 0 1 1 1 0 0 1 0 1 0 1 0 10 0 0
0 0 0 0 1 1 0 1 1 0 1 0 1 0 10 0 0
0 1 0 1 1 1 0 1 1 0 1 0 0 1 10 0 1
0 1 0 1 1 1 1 0 1 0 1 0 1 0 10 0 0
0 1 0 0 1 1 1 0 1 0 1 0 0 1 10 0 0
0 0 0 1 1 0 0 1 1 0 1 0 0 0 10 0 0
0 1 0 1 1 1 0 1 1 0 1 0 0 1 10 0 0
0 1 0 1 1 1 0 1 1 0 1 0 0 0 10 0 0
0 1 0 1 1 1 0 1 0 0 0 0 1 0 10 0 1
0 1 0 1 1 0 1 0 1 0 1 0 1 0 10 0 0
0 1 0 1 1 1 0 1 1 0 1 0 1 0 15 0 0
0 1 0 1 1 1 0 1 1 0 1 0 1 0 10 0 1
1 0 0 1 1 1 0 1 0 0 1 0 0 0 05 0 0
0 1 0 1 1 1 0 1 1 0 1 0 0 0 10 0 0
0 1 0 1 1 1 0 1 0 0 1 0 1 0 10 0 0
0 1 0 1 1 1 0 1 0 0 1 0 1 0 15 0 1
0 1 0 1 1 0 0 1 0 0 1 0 1 0 15 0 0
0 1 0 1 1 1 0 1 0 0 1 0 1 0 10 0 0
0 1 0 1 1 0 0 1 0 0 1 0 1 0 15 0 1
